stationId,timestamp,timestampDate,value,unit,parameterNo,parameterName
11799,2026-08-17T18:30:00.000Z,2026-08-17 18:30:00,8.2,---,pH,pH
11788,2026-08-17T18:30:00.000Z,2026-08-17 18:30:00,21.86,°C,WT,Water Temperature
11811,2026-08-17T18:30:00.000Z,2026-08-17 18:30:00,2.51,mg/l,BOD,Biochemical Oxygen Demand
11805,2026-08-17T18:30:00.000Z,2026-08-17 18:30:00,2.72,mg/l,BOD,Biochemical Oxygen Demand
11799,2026-08-17T18:30:00.000Z,2026-08-17 18:30:00,1.22,m,Depth,Depth
11810,2026-08-17T18:30:00.000Z,2026-08-17 18:30:00,10.14,mg/l,CL,Chloride
11803,2026-08-17T18:30:00.000Z,2026-08-17 18:30:00,4.12,mg/l,BOD,Biochemical Oxygen Demand
11793,2026-08-17T18:30:00.000Z,2026-08-17 18:30:00,1.64,mg/l,NO3,Nitrate
11822,2026-08-17T18:30:00.000Z,2026-08-17 18:30:00,30.83,°C,WT,Water Temperature
11793,2026-08-17T18:30:00.000Z,2026-08-17 18:30:00,1023.25,mS/cm,EC,Conductivity
11811,2026-08-17T18:30:00.000Z,2026-08-17 18:30:00,38.73,m above MSL,S,Water Level
11815,2026-08-17T18:30:00.000Z,2026-08-17 18:30:00,314.23,NTU,WTb,Water Turbidity
11795,2026-08-17T18:30:00.000Z,2026-08-17 18:30:00,187.95,NTU,WTb,Water Turbidity
11815,2026-08-17T18:30:00.000Z,2026-08-17 18:30:00,30.18,°C,WT,Water Temperature
11795,2026-08-17T18:30:00.000Z,2026-08-17 18:30:00,31.04,°C,WT,Water Temperature
11807,2026-08-17T18:30:00.000Z,2026-08-17 18:30:00,13.24,mg/l,CL,Chloride
11822,2026-08-17T18:30:00.000Z,2026-08-17 18:30:00,6.05,mg/l,TOC,Total Organic Carbon
11799,2026-08-17T18:30:00.000Z,2026-08-17 18:30:00,1.98,mg/l,NO3,Nitrate
11788,2026-08-17T18:30:00.000Z,2026-08-17 18:30:00,1.0,mg/l,TOC,Total Organic Carbon
11820,2026-08-17T18:30:00.000Z,2026-08-17 18:30:00,8.16,---,pH,pH
11808,2026-08-17T18:30:00.000Z,2026-08-17 18:30:00,7.87,---,pH,pH
11799,2026-08-17T18:30:00.000Z,2026-08-17 18:30:00,362.99,mS/cm,EC,Conductivity
11810,2026-08-17T18:30:00.000Z,2026-08-17 18:30:00,82.56,NTU,WTb,Water Turbidity
11804,2026-08-17T18:30:00.000Z,2026-08-17 18:30:00,406.17,NTU,WTb,Water Turbidity
11786,2026-08-17T18:30:00.000Z,2026-08-17 18:30:00,1.41,m,Depth,Depth
11802,2026-08-17T18:30:00.000Z,2026-08-17 18:30:00,39.0,NTU,WTb,Water Turbidity
11808,2026-08-17T18:30:00.000Z,2026-08-17 18:30:00,38.39,m above MSL,S,Water Level
11793,2026-08-17T18:30:00.000Z,2026-08-17 18:30:00,2.87,mg/l,DO,Dissolved Oxygen
11802,2026-08-17T18:30:00.000Z,2026-08-17 18:30:00,31.6,°C,WT,Water Temperature
11785,2026-08-17T17:30:00.000Z,2026-08-17 17:30:00,5.0,mg/l,CL,Chloride
11793,2026-08-17T18:30:00.000Z,2026-08-17 18:30:00,21.47,mg/l,COD,Chemical Oxygen Demand
11821,2026-08-17T18:30:00.000Z,2026-08-17 18:30:00,640.58,m above MSL,S,Water Level
11820,2026-08-17T18:30:00.000Z,2026-08-17 18:30:00,0.3,mg/l,NO3,Nitrate
11808,2026-08-17T18:30:00.000Z,2026-08-17 18:30:00,0.3,mg/l,NO3,Nitrate
11815,2026-08-17T18:30:00.000Z,2026-08-17 18:30:00,4.15,mg/l,TOC,Total Organic Carbon
11795,2026-08-17T18:30:00.000Z,2026-08-17 18:30:00,3.89,mg/l,TOC,Total Organic Carbon
11810,2026-08-17T18:30:00.000Z,2026-08-17 18:30:00,32.2,°C,WT,Water Temperature
11804,2026-08-17T18:30:00.000Z,2026-08-17 18:30:00,30.58,°C,WT,Water Temperature
11799,2026-08-17T18:30:00.000Z,2026-08-17 18:30:00,6.19,mg/l,DO,Dissolved Oxygen
11806,2026-08-17T18:30:00.000Z,2026-08-17 18:30:00,0.85,m,Depth,Depth
11820,2026-08-17T18:30:00.000Z,2026-08-17 18:30:00,225.4,mS/cm,EC,Conductivity
11784,2026-08-17T18:30:00.000Z,2026-08-17 18:30:00,145.36,NTU,WTb,Water Turbidity
11808,2026-08-17T18:30:00.000Z,2026-08-17 18:30:00,277.9,mS/cm,EC,Conductivity
11799,2026-08-17T18:30:00.000Z,2026-08-17 18:30:00,9.9,mg/l,COD,Chemical Oxygen Demand
11812,2026-08-17T18:30:00.000Z,2026-08-17 18:30:00,0.86,m,Depth,Depth
11788,2026-08-17T18:30:00.000Z,2026-08-17 18:30:00,8.28,---,pH,pH
11810,2026-08-17T18:30:00.000Z,2026-08-17 18:30:00,4.79,mg/l,TOC,Total Organic Carbon
11784,2026-08-17T18:30:00.000Z,2026-08-17 18:30:00,32.96,°C,WT,Water Temperature
11804,2026-08-17T18:30:00.000Z,2026-08-17 18:30:00,5.56,mg/l,TOC,Total Organic Carbon
11802,2026-08-17T18:30:00.000Z,2026-08-17 18:30:00,8.43,mg/l,TOC,Total Organic Carbon
11793,2026-08-17T18:30:00.000Z,2026-08-17 18:30:00,5.51,mg/l,BOD,Biochemical Oxygen Demand
11822,2026-08-17T18:30:00.000Z,2026-08-17 18:30:00,8.13,---,pH,pH
11818,2026-08-17T18:30:00.000Z,2026-08-17 18:30:00,194.16,m above MSL,S,Water Level
11813,2026-08-17T18:30:00.000Z,2026-08-17 18:30:00,20.55,mg/l,CL,Chloride
11820,2026-08-17T18:30:00.000Z,2026-08-17 18:30:00,6.78,mg/l,DO,Dissolved Oxygen
11808,2026-08-17T18:30:00.000Z,2026-08-17 18:30:00,6.86,mg/l,DO,Dissolved Oxygen
11815,2026-08-17T18:30:00.000Z,2026-08-17 18:30:00,8.06,---,pH,pH
11795,2026-08-17T18:30:00.000Z,2026-08-17 18:30:00,8.52,---,pH,pH
11822,2026-08-17T18:30:00.000Z,2026-08-17 18:30:00,0.3,mg/l,NO3,Nitrate
11817,2026-08-17T18:30:00.000Z,2026-08-17 18:30:00,16.69,m above MSL,S,Water Level
11799,2026-08-17T18:30:00.000Z,2026-08-17 18:30:00,2.2,mg/l,BOD,Biochemical Oxygen Demand
11784,2026-08-17T18:30:00.000Z,2026-08-17 18:30:00,4.39,mg/l,TOC,Total Organic Carbon
11788,2026-08-17T18:30:00.000Z,2026-08-17 18:30:00,0.3,mg/l,NO3,Nitrate
11800,2026-08-17T18:30:00.000Z,2026-08-17 18:30:00,100.62,m above MSL,S,Water Level
11820,2026-08-17T18:30:00.000Z,2026-08-17 18:30:00,9.48,mg/l,COD,Chemical Oxygen Demand
11808,2026-08-17T18:30:00.000Z,2026-08-17 18:30:00,11.24,mg/l,COD,Chemical Oxygen Demand
11788,2026-08-17T18:30:00.000Z,2026-08-17 18:30:00,166.3,mS/cm,EC,Conductivity
11803,2026-08-17T18:30:00.000Z,2026-08-17 18:30:00,0.83,m,Depth,Depth
11814,2026-08-17T18:30:00.000Z,2026-08-17 18:30:00,31.14,mg/l,CL,Chloride
11792,2026-08-17T18:30:00.000Z,2026-08-17 18:30:00,314.26,NTU,WTb,Water Turbidity
11799,2026-08-17T18:30:00.000Z,2026-08-17 18:30:00,35.9,mg/l,CL,Chloride
11822,2026-08-17T18:30:00.000Z,2026-08-17 18:30:00,242.4,mS/cm,EC,Conductivity
11802,2026-08-17T18:30:00.000Z,2026-08-17 18:30:00,8.15,---,pH,pH
11792,2026-08-17T18:30:00.000Z,2026-08-17 18:30:00,31.09,°C,WT,Water Temperature
11820,2026-08-17T18:30:00.000Z,2026-08-17 18:30:00,2.1,mg/l,BOD,Biochemical Oxygen Demand
11796,2026-08-17T18:30:00.000Z,2026-08-17 18:30:00,30.27,mg/l,CL,Chloride
11808,2026-08-17T18:30:00.000Z,2026-08-17 18:30:00,2.8,mg/l,BOD,Biochemical Oxygen Demand
11815,2026-08-17T18:30:00.000Z,2026-08-17 18:30:00,0.3,mg/l,NO3,Nitrate
11795,2026-08-17T18:30:00.000Z,2026-08-17 18:30:00,3.08,mg/l,NO3,Nitrate
11810,2026-08-17T18:30:00.000Z,2026-08-17 18:30:00,8.26,---,pH,pH
11804,2026-08-17T18:30:00.000Z,2026-08-17 18:30:00,7.66,---,pH,pH
11815,2026-08-17T18:30:00.000Z,2026-08-17 18:30:00,24.07,m above MSL,S,Water Level
11815,2026-08-17T18:30:00.000Z,2026-08-17 18:30:00,207.83,mS/cm,EC,Conductivity
11795,2026-08-17T18:30:00.000Z,2026-08-17 18:30:00,491.6,mS/cm,EC,Conductivity
11822,2026-08-17T18:30:00.000Z,2026-08-17 18:30:00,6.56,mg/l,DO,Dissolved Oxygen
11817,2026-08-17T18:30:00.000Z,2026-08-17 18:30:00,26.67,mg/l,CL,Chloride
11798,2026-08-17T18:30:00.000Z,2026-08-17 18:30:00,112.85,NTU,WTb,Water Turbidity
11788,2026-08-17T18:30:00.000Z,2026-08-17 18:30:00,8.49,mg/l,DO,Dissolved Oxygen
11818,2026-08-17T18:30:00.000Z,2026-08-17 18:30:00,0.75,m,Depth,Depth
11822,2026-08-17T18:30:00.000Z,2026-08-17 18:30:00,1.15,m,Depth,Depth
11784,2026-08-17T18:30:00.000Z,2026-08-17 18:30:00,8.13,---,pH,pH
11788,2026-08-17T18:30:00.000Z,2026-08-17 18:30:00,5.0,mg/l,COD,Chemical Oxygen Demand
11798,2026-08-17T18:30:00.000Z,2026-08-17 18:30:00,30.87,°C,WT,Water Temperature
11810,2026-08-17T18:30:00.000Z,2026-08-17 18:30:00,0.3,mg/l,NO3,Nitrate
11804,2026-08-17T18:30:00.000Z,2026-08-17 18:30:00,0.3,mg/l,NO3,Nitrate
11802,2026-08-17T18:30:00.000Z,2026-08-17 18:30:00,4.15,mg/l,NO3,Nitrate
11792,2026-08-17T18:30:00.000Z,2026-08-17 18:30:00,5.92,mg/l,TOC,Total Organic Carbon
11822,2026-08-17T18:30:00.000Z,2026-08-17 18:30:00,12.97,mg/l,COD,Chemical Oxygen Demand
11797,2026-08-17T18:30:00.000Z,2026-08-17 18:30:00,69.82,m above MSL,S,Water Level
11802,2026-08-17T18:30:00.000Z,2026-08-17 18:30:00,629.9,mS/cm,EC,Conductivity
11813,2026-08-17T18:30:00.000Z,2026-08-17 18:30:00,260.13,NTU,WTb,Water Turbidity
11814,2026-08-17T18:30:00.000Z,2026-08-17 18:30:00,1.5,m,Depth,Depth
11807,2026-08-17T18:30:00.000Z,2026-08-17 18:30:00,102.43,NTU,WTb,Water Turbidity
11815,2026-08-17T18:30:00.000Z,2026-08-17 18:30:00,6.85,mg/l,DO,Dissolved Oxygen
11795,2026-08-17T18:30:00.000Z,2026-08-17 18:30:00,7.65,mg/l,DO,Dissolved Oxygen
11810,2026-08-17T18:30:00.000Z,2026-08-17 18:30:00,236.8,mS/cm,EC,Conductivity
11804,2026-08-17T18:30:00.000Z,2026-08-17 18:30:00,207.5,mS/cm,EC,Conductivity
11805,2026-08-17T18:30:00.000Z,2026-08-17 18:30:00,59.39,m above MSL,S,Water Level
11815,2026-08-17T18:30:00.000Z,2026-08-17 18:30:00,9.55,mg/l,COD,Chemical Oxygen Demand
11795,2026-08-17T18:30:00.000Z,2026-08-17 18:30:00,7.78,mg/l,COD,Chemical Oxygen Demand
11822,2026-08-17T18:30:00.000Z,2026-08-17 18:30:00,3.02,mg/l,BOD,Biochemical Oxygen Demand
11784,2026-08-17T18:30:00.000Z,2026-08-17 18:30:00,0.3,mg/l,NO3,Nitrate
11805,2026-08-17T18:30:00.000Z,2026-08-17 18:30:00,1.04,m,Depth,Depth
11788,2026-08-17T18:30:00.000Z,2026-08-17 18:30:00,0.5,mg/l,BOD,Biochemical Oxygen Demand
11798,2026-08-17T18:30:00.000Z,2026-08-17 18:30:00,7.74,mg/l,TOC,Total Organic Carbon
11813,2026-08-17T18:30:00.000Z,2026-08-17 18:30:00,30.55,°C,WT,Water Temperature
11807,2026-08-17T18:30:00.000Z,2026-08-17 18:30:00,30.93,°C,WT,Water Temperature
11784,2026-08-17T18:30:00.000Z,2026-08-17 18:30:00,257.37,mS/cm,EC,Conductivity
11789,2026-08-17T18:30:00.000Z,2026-08-17 18:30:00,74.6,NTU,WTb,Water Turbidity
11804,2026-08-17T18:30:00.000Z,2026-08-17 18:30:00,5.76,mg/l,CL,Chloride
11804,2026-08-17T18:30:00.000Z,2026-08-17 18:30:00,6.93,mg/l,DO,Dissolved Oxygen
11802,2026-08-17T18:30:00.000Z,2026-08-17 18:30:00,6.61,mg/l,DO,Dissolved Oxygen
11816,2026-08-17T18:30:00.000Z,2026-08-17 18:30:00,31.9,°C,WT,Water Temperature
11822,2026-08-17T18:30:00.000Z,2026-08-17 18:30:00,37.73,m above MSL,S,Water Level
11796,2026-08-17T18:30:00.000Z,2026-08-17 18:30:00,31.41,°C,WT,Water Temperature
11785,2026-08-17T17:30:00.000Z,2026-08-17 17:30:00,0.23,m,Depth,Depth
11785,2026-08-17T17:30:00.000Z,2026-08-17 17:30:00,1.0,mg/l,TOC,Total Organic Carbon
11800,2026-08-17T18:30:00.000Z,2026-08-17 18:30:00,4.47,mg/l,NO3,Nitrate
11786,2026-08-17T18:30:00.000Z,2026-08-17 18:30:00,5.0,mg/l,CL,Chloride
11790,2026-08-17T18:30:00.000Z,2026-08-17 18:30:00,11.5,mg/l,TOC,Total Organic Carbon
11821,2026-08-17T18:30:00.000Z,2026-08-17 18:30:00,6.78,---,pH,pH
11809,2026-08-17T18:30:00.000Z,2026-08-17 18:30:00,7.92,---,pH,pH
11790,2026-08-17T18:30:00.000Z,2026-08-17 18:30:00,80.8,mg/l,CL,Chloride
11800,2026-08-17T18:30:00.000Z,2026-08-17 18:30:00,568.4,mS/cm,EC,Conductivity
11802,2026-08-17T18:30:00.000Z,2026-08-17 18:30:00,0.73,m,Depth,Depth
11811,2026-08-17T18:30:00.000Z,2026-08-17 18:30:00,142.64,NTU,WTb,Water Turbidity
11821,2026-08-17T18:30:00.000Z,2026-08-17 18:30:00,5.0,mg/l,CL,Chloride
11805,2026-08-17T18:30:00.000Z,2026-08-17 18:30:00,198.28,NTU,WTb,Water Turbidity
11794,2026-08-17T18:30:00.000Z,2026-08-17 18:30:00,7.56,mg/l,DO,Dissolved Oxygen
11791,2026-08-17T18:30:00.000Z,2026-08-17 18:30:00,0.65,m,Depth,Depth
11794,2026-08-17T18:30:00.000Z,2026-08-17 18:30:00,6.44,mg/l,COD,Chemical Oxygen Demand
11821,2026-08-17T18:30:00.000Z,2026-08-17 18:30:00,0.3,mg/l,NO3,Nitrate
11809,2026-08-17T18:30:00.000Z,2026-08-17 18:30:00,0.3,mg/l,NO3,Nitrate
11816,2026-08-17T18:30:00.000Z,2026-08-17 18:30:00,3.39,mg/l,TOC,Total Organic Carbon
11796,2026-08-17T18:30:00.000Z,2026-08-17 18:30:00,5.6,mg/l,TOC,Total Organic Carbon
11811,2026-08-17T18:30:00.000Z,2026-08-17 18:30:00,27.42,°C,WT,Water Temperature
11818,2026-08-17T18:30:00.000Z,2026-08-17 18:30:00,21.59,mg/l,CL,Chloride
11805,2026-08-17T18:30:00.000Z,2026-08-17 18:30:00,30.29,°C,WT,Water Temperature
11819,2026-08-17T18:30:00.000Z,2026-08-17 18:30:00,61.11,m above MSL,S,Water Level
11800,2026-08-17T18:30:00.000Z,2026-08-17 18:30:00,5.98,mg/l,DO,Dissolved Oxygen
11821,2026-08-17T18:30:00.000Z,2026-08-17 18:30:00,442.75,mS/cm,EC,Conductivity
11809,2026-08-17T18:30:00.000Z,2026-08-17 18:30:00,136.9,mS/cm,EC,Conductivity
11800,2026-08-17T18:30:00.000Z,2026-08-17 18:30:00,21.43,mg/l,COD,Chemical Oxygen Demand
11790,2026-08-17T18:30:00.000Z,2026-08-17 18:30:00,7.3,---,pH,pH
11811,2026-08-17T18:30:00.000Z,2026-08-17 18:30:00,5.03,mg/l,TOC,Total Organic Carbon
11805,2026-08-17T18:30:00.000Z,2026-08-17 18:30:00,5.46,mg/l,TOC,Total Organic Carbon
11783,2026-08-17T18:30:00.000Z,2026-08-17 18:30:00,0.3,mg/l,NO3,Nitrate
11790,2026-08-17T18:30:00.000Z,2026-08-17 18:30:00,1.28,m,Depth,Depth
11793,2026-08-17T18:30:00.000Z,2026-08-17 18:30:00,93.93,mg/l,CL,Chloride
11794,2026-08-17T18:30:00.000Z,2026-08-17 18:30:00,1.65,mg/l,BOD,Biochemical Oxygen Demand
11785,2026-08-17T17:30:00.000Z,2026-08-17 17:30:00,7.91,---,pH,pH
11783,2026-08-17T18:30:00.000Z,2026-08-17 18:30:00,330.36,mS/cm,EC,Conductivity
11788,2026-08-17T18:30:00.000Z,2026-08-17 18:30:00,283.69,m above MSL,S,Water Level
11821,2026-08-17T18:30:00.000Z,2026-08-17 18:30:00,7.86,mg/l,DO,Dissolved Oxygen
11809,2026-08-17T18:30:00.000Z,2026-08-17 18:30:00,6.22,mg/l,DO,Dissolved Oxygen
11816,2026-08-17T18:30:00.000Z,2026-08-17 18:30:00,7.63,---,pH,pH
11796,2026-08-17T18:30:00.000Z,2026-08-17 18:30:00,7.95,---,pH,pH
11785,2026-08-17T17:30:00.000Z,2026-08-17 17:30:00,0.3,mg/l,NO3,Nitrate
11800,2026-08-17T18:30:00.000Z,2026-08-17 18:30:00,4.76,mg/l,BOD,Biochemical Oxygen Demand
11790,2026-08-17T18:30:00.000Z,2026-08-17 18:30:00,0.79,mg/l,NO3,Nitrate
11802,2026-08-17T18:30:00.000Z,2026-08-17 18:30:00,101.12,m above MSL,S,Water Level
11821,2026-08-17T18:30:00.000Z,2026-08-17 18:30:00,5.0,mg/l,COD,Chemical Oxygen Demand
11809,2026-08-17T18:30:00.000Z,2026-08-17 18:30:00,11.77,mg/l,COD,Chemical Oxygen Demand
11798,2026-08-17T18:30:00.000Z,2026-08-17 18:30:00,0.91,m,Depth,Depth
11790,2026-08-17T18:30:00.000Z,2026-08-17 18:30:00,672.8,mS/cm,EC,Conductivity
11783,2026-08-17T18:30:00.000Z,2026-08-17 18:30:00,6.2,mg/l,DO,Dissolved Oxygen
11793,2026-08-17T18:30:00.000Z,2026-08-17 18:30:00,64.56,NTU,WTb,Water Turbidity
11784,2026-08-17T18:30:00.000Z,2026-08-17 18:30:00,27.43,mg/l,CL,Chloride
11785,2026-08-17T17:30:00.000Z,2026-08-17 17:30:00,216.7,mS/cm,EC,Conductivity
11791,2026-08-17T18:30:00.000Z,2026-08-17 18:30:00,112.65,m above MSL,S,Water Level
11783,2026-08-17T18:30:00.000Z,2026-08-17 18:30:00,7.35,mg/l,COD,Chemical Oxygen Demand
11793,2026-08-17T18:30:00.000Z,2026-08-17 18:30:00,32.89,°C,WT,Water Temperature
11821,2026-08-17T18:30:00.000Z,2026-08-17 18:30:00,0.5,mg/l,BOD,Biochemical Oxygen Demand
11809,2026-08-17T18:30:00.000Z,2026-08-17 18:30:00,35.93,m above MSL,S,Water Level
11809,2026-08-17T18:30:00.000Z,2026-08-17 18:30:00,2.73,mg/l,BOD,Biochemical Oxygen Demand
11816,2026-08-17T18:30:00.000Z,2026-08-17 18:30:00,0.3,mg/l,NO3,Nitrate
11796,2026-08-17T18:30:00.000Z,2026-08-17 18:30:00,2.18,mg/l,NO3,Nitrate
11811,2026-08-17T18:30:00.000Z,2026-08-17 18:30:00,7.48,---,pH,pH
11805,2026-08-17T18:30:00.000Z,2026-08-17 18:30:00,7.41,---,pH,pH
11816,2026-08-17T18:30:00.000Z,2026-08-17 18:30:00,255.3,mS/cm,EC,Conductivity
11796,2026-08-17T18:30:00.000Z,2026-08-17 18:30:00,275.1,mS/cm,EC,Conductivity
11785,2026-08-17T17:30:00.000Z,2026-08-17 17:30:00,1.45,mg/l,DO,Dissolved Oxygen
11799,2026-08-17T18:30:00.000Z,2026-08-17 18:30:00,114.41,NTU,WTb,Water Turbidity
11790,2026-08-17T18:30:00.000Z,2026-08-17 18:30:00,2.86,mg/l,DO,Dissolved Oxygen
11808,2026-08-17T18:30:00.000Z,2026-08-17 18:30:00,23.63,mg/l,CL,Chloride
11799,2026-08-17T18:30:00.000Z,2026-08-17 18:30:00,31.82,°C,WT,Water Temperature
11790,2026-08-17T18:30:00.000Z,2026-08-17 18:30:00,19.54,mg/l,COD,Chemical Oxygen Demand
11811,2026-08-17T18:30:00.000Z,2026-08-17 18:30:00,0.3,mg/l,NO3,Nitrate
11805,2026-08-17T18:30:00.000Z,2026-08-17 18:30:00,0.3,mg/l,NO3,Nitrate
11796,2026-08-17T18:30:00.000Z,2026-08-17 18:30:00,0.88,m,Depth,Depth
11806,2026-08-17T18:30:00.000Z,2026-08-17 18:30:00,42.42,m above MSL,S,Water Level
11783,2026-08-17T18:30:00.000Z,2026-08-17 18:30:00,1.34,mg/l,BOD,Biochemical Oxygen Demand
11808,2026-08-17T18:30:00.000Z,2026-08-17 18:30:00,0.82,m,Depth,Depth
11793,2026-08-17T18:30:00.000Z,2026-08-17 18:30:00,10.54,mg/l,TOC,Total Organic Carbon
11785,2026-08-17T17:30:00.000Z,2026-08-17 17:30:00,5.0,mg/l,COD,Chemical Oxygen Demand
11817,2026-08-17T18:30:00.000Z,2026-08-17 18:30:00,3.98,m,Depth,Depth
11805,2026-08-17T18:30:00.000Z,2026-08-17 18:30:00,23.41,mg/l,CL,Chloride
11820,2026-08-17T18:30:00.000Z,2026-08-17 18:30:00,316.9,NTU,WTb,Water Turbidity
11808,2026-08-17T18:30:00.000Z,2026-08-17 18:30:00,81.3,NTU,WTb,Water Turbidity
11816,2026-08-17T18:30:00.000Z,2026-08-17 18:30:00,6.7,mg/l,DO,Dissolved Oxygen
11796,2026-08-17T18:30:00.000Z,2026-08-17 18:30:00,7.63,mg/l,DO,Dissolved Oxygen
11811,2026-08-17T18:30:00.000Z,2026-08-17 18:30:00,197.15,mS/cm,EC,Conductivity
11805,2026-08-17T18:30:00.000Z,2026-08-17 18:30:00,323.5,mS/cm,EC,Conductivity
11811,2026-08-17T18:30:00.000Z,2026-08-17 18:30:00,5.39,mg/l,CL,Chloride
11816,2026-08-17T18:30:00.000Z,2026-08-17 18:30:00,6.44,mg/l,COD,Chemical Oxygen Demand
11796,2026-08-17T18:30:00.000Z,2026-08-17 18:30:00,12.75,mg/l,COD,Chemical Oxygen Demand
11785,2026-08-17T17:30:00.000Z,2026-08-17 17:30:00,0.5,mg/l,BOD,Biochemical Oxygen Demand
11799,2026-08-17T18:30:00.000Z,2026-08-17 18:30:00,4.4,mg/l,TOC,Total Organic Carbon
11790,2026-08-17T18:30:00.000Z,2026-08-17 18:30:00,4.59,mg/l,BOD,Biochemical Oxygen Demand
11820,2026-08-17T18:30:00.000Z,2026-08-17 18:30:00,30.51,°C,WT,Water Temperature
11785,2026-08-17T17:30:00.000Z,2026-08-17 17:30:00,600.18,m above MSL,S,Water Level
11808,2026-08-17T18:30:00.000Z,2026-08-17 18:30:00,30.16,°C,WT,Water Temperature
11789,2026-08-17T18:30:00.000Z,2026-08-17 18:30:00,0.28,m,Depth,Depth
11811,2026-08-17T18:30:00.000Z,2026-08-17 18:30:00,7.27,mg/l,DO,Dissolved Oxygen
11805,2026-08-17T18:30:00.000Z,2026-08-17 18:30:00,6.02,mg/l,DO,Dissolved Oxygen
11803,2026-08-17T18:30:00.000Z,2026-08-17 18:30:00,7.59,mg/l,DO,Dissolved Oxygen
11793,2026-08-17T18:30:00.000Z,2026-08-17 18:30:00,1.45,m,Depth,Depth
11812,2026-08-17T18:30:00.000Z,2026-08-17 18:30:00,135.53,m above MSL,S,Water Level
11803,2026-08-17T18:30:00.000Z,2026-08-17 18:30:00,17.51,mg/l,COD,Chemical Oxygen Demand
11793,2026-08-17T18:30:00.000Z,2026-08-17 18:30:00,7.54,---,pH,pH
11820,2026-08-17T18:30:00.000Z,2026-08-17 18:30:00,4.23,mg/l,TOC,Total Organic Carbon
11808,2026-08-17T18:30:00.000Z,2026-08-17 18:30:00,5.51,mg/l,TOC,Total Organic Carbon
11816,2026-08-17T18:30:00.000Z,2026-08-17 18:30:00,1.42,mg/l,BOD,Biochemical Oxygen Demand
11796,2026-08-17T18:30:00.000Z,2026-08-17 18:30:00,3.03,mg/l,BOD,Biochemical Oxygen Demand
11811,2026-08-17T18:30:00.000Z,2026-08-17 18:30:00,11.31,mg/l,COD,Chemical Oxygen Demand
11805,2026-08-17T18:30:00.000Z,2026-08-17 18:30:00,12.2,mg/l,COD,Chemical Oxygen Demand
11822,2026-08-17T18:30:00.000Z,2026-08-17 18:30:00,284.9,NTU,WTb,Water Turbidity
11788,2026-08-17T18:30:00.000Z,2026-08-17 18:30:00,554.98,NTU,WTb,Water Turbidity
11814,2026-08-17T18:30:00.000Z,2026-08-17 18:30:00,6.76,mg/l,COD,Chemical Oxygen Demand
11818,2026-08-17T18:30:00.000Z,2026-08-17 18:30:00,6.64,mg/l,COD,Chemical Oxygen Demand
11787,2026-08-17T18:30:00.000Z,2026-08-17 18:30:00,0.5,mg/l,BOD,Biochemical Oxygen Demand
11819,2026-08-17T18:30:00.000Z,2026-08-17 18:30:00,2.73,mg/l,BOD,Biochemical Oxygen Demand
11816,2026-08-17T18:30:00.000Z,2026-08-17 18:30:00,12.04,m above MSL,S,Water Level
11817,2026-08-17T18:30:00.000Z,2026-08-17 18:30:00,3.32,mg/l,TOC,Total Organic Carbon
11797,2026-08-17T18:30:00.000Z,2026-08-17 18:30:00,7.89,mg/l,TOC,Total Organic Carbon
11795,2026-08-17T18:30:00.000Z,2026-08-17 18:30:00,0.87,m,Depth,Depth
11812,2026-08-17T18:30:00.000Z,2026-08-17 18:30:00,28.55,°C,WT,Water Temperature
11806,2026-08-17T18:30:00.000Z,2026-08-17 18:30:00,31.74,°C,WT,Water Temperature
11804,2026-08-17T18:30:00.000Z,2026-08-17 18:30:00,1.3,m,Depth,Depth
11801,2026-08-17T18:30:00.000Z,2026-08-17 18:30:00,7.52,mg/l,DO,Dissolved Oxygen
11801,2026-08-17T18:30:00.000Z,2026-08-17 18:30:00,12.84,mg/l,COD,Chemical Oxygen Demand
11815,2026-08-17T18:30:00.000Z,2026-08-17 18:30:00,21.19,mg/l,CL,Chloride
11791,2026-08-17T18:30:00.000Z,2026-08-17 18:30:00,8.81,---,pH,pH
11803,2026-08-17T18:30:00.000Z,2026-08-17 18:30:00,170.77,m above MSL,S,Water Level
11812,2026-08-17T18:30:00.000Z,2026-08-17 18:30:00,2.62,mg/l,TOC,Total Organic Carbon
11807,2026-08-17T18:30:00.000Z,2026-08-17 18:30:00,0.87,m,Depth,Depth
11806,2026-08-17T18:30:00.000Z,2026-08-17 18:30:00,12.74,mg/l,TOC,Total Organic Carbon
11814,2026-08-17T18:30:00.000Z,2026-08-17 18:30:00,1.26,mg/l,BOD,Biochemical Oxygen Demand
11818,2026-08-17T18:30:00.000Z,2026-08-17 18:30:00,1.51,mg/l,BOD,Biochemical Oxygen Demand
11802,2026-08-17T18:30:00.000Z,2026-08-17 18:30:00,64.15,mg/l,CL,Chloride
11786,2026-08-17T18:30:00.000Z,2026-08-17 18:30:00,250.76,NTU,WTb,Water Turbidity
11810,2026-08-17T18:30:00.000Z,2026-08-17 18:30:00,6.74,mg/l,DO,Dissolved Oxygen
11810,2026-08-17T18:30:00.000Z,2026-08-17 18:30:00,0.69,m,Depth,Depth
11817,2026-08-17T18:30:00.000Z,2026-08-17 18:30:00,7.78,---,pH,pH
11797,2026-08-17T18:30:00.000Z,2026-08-17 18:30:00,8.22,---,pH,pH
11800,2026-08-17T18:30:00.000Z,2026-08-17 18:30:00,59.71,mg/l,CL,Chloride
11786,2026-08-17T18:30:00.000Z,2026-08-17 18:30:00,0.3,mg/l,NO3,Nitrate
11801,2026-08-17T18:30:00.000Z,2026-08-17 18:30:00,2.79,mg/l,BOD,Biochemical Oxygen Demand
11791,2026-08-17T18:30:00.000Z,2026-08-17 18:30:00,2.2,mg/l,NO3,Nitrate
11786,2026-08-17T18:30:00.000Z,2026-08-17 18:30:00,14.45,°C,WT,Water Temperature
11810,2026-08-17T18:30:00.000Z,2026-08-17 18:30:00,11.74,mg/l,COD,Chemical Oxygen Demand
11791,2026-08-17T18:30:00.000Z,2026-08-17 18:30:00,251.54,mS/cm,EC,Conductivity
11801,2026-08-17T18:30:00.000Z,2026-08-17 18:30:00,100.62,m above MSL,S,Water Level
11815,2026-08-17T18:30:00.000Z,2026-08-17 18:30:00,2.08,m,Depth,Depth
11803,2026-08-17T18:30:00.000Z,2026-08-17 18:30:00,55.69,NTU,WTb,Water Turbidity
11794,2026-08-17T18:30:00.000Z,2026-08-17 18:30:00,71.75,NTU,WTb,Water Turbidity
11786,2026-08-17T18:30:00.000Z,2026-08-17 18:30:00,181.5,mS/cm,EC,Conductivity
11795,2026-08-17T18:30:00.000Z,2026-08-17 18:30:00,90.94,m above MSL,S,Water Level
11803,2026-08-17T18:30:00.000Z,2026-08-17 18:30:00,29.98,°C,WT,Water Temperature
11794,2026-08-17T18:30:00.000Z,2026-08-17 18:30:00,32.89,°C,WT,Water Temperature
11786,2026-08-17T18:30:00.000Z,2026-08-17 18:30:00,1.0,mg/l,TOC,Total Organic Carbon
11810,2026-08-17T18:30:00.000Z,2026-08-17 18:30:00,2.37,mg/l,BOD,Biochemical Oxygen Demand
11817,2026-08-17T18:30:00.000Z,2026-08-17 18:30:00,0.3,mg/l,NO3,Nitrate
11797,2026-08-17T18:30:00.000Z,2026-08-17 18:30:00,2.13,mg/l,NO3,Nitrate
11812,2026-08-17T18:30:00.000Z,2026-08-17 18:30:00,8.42,---,pH,pH
11797,2026-08-17T18:30:00.000Z,2026-08-17 18:30:00,43.97,mg/l,CL,Chloride
11806,2026-08-17T18:30:00.000Z,2026-08-17 18:30:00,6.95,---,pH,pH
11817,2026-08-17T18:30:00.000Z,2026-08-17 18:30:00,254.71,mS/cm,EC,Conductivity
11797,2026-08-17T18:30:00.000Z,2026-08-17 18:30:00,446.4,mS/cm,EC,Conductivity
11786,2026-08-17T18:30:00.000Z,2026-08-17 18:30:00,8.45,mg/l,DO,Dissolved Oxygen
11800,2026-08-17T18:30:00.000Z,2026-08-17 18:30:00,43.44,NTU,WTb,Water Turbidity
11791,2026-08-17T18:30:00.000Z,2026-08-17 18:30:00,8.01,mg/l,DO,Dissolved Oxygen
11798,2026-08-17T18:30:00.000Z,2026-08-17 18:30:00,62.11,m above MSL,S,Water Level
11786,2026-08-17T18:30:00.000Z,2026-08-17 18:30:00,8.06,---,pH,pH
11800,2026-08-17T18:30:00.000Z,2026-08-17 18:30:00,29.49,°C,WT,Water Temperature
11791,2026-08-17T18:30:00.000Z,2026-08-17 18:30:00,16.51,mg/l,COD,Chemical Oxygen Demand
11812,2026-08-17T18:30:00.000Z,2026-08-17 18:30:00,0.3,mg/l,NO3,Nitrate
11806,2026-08-17T18:30:00.000Z,2026-08-17 18:30:00,0.3,mg/l,NO3,Nitrate
11803,2026-08-17T18:30:00.000Z,2026-08-17 18:30:00,10.3,mg/l,TOC,Total Organic Carbon
11794,2026-08-17T18:30:00.000Z,2026-08-17 18:30:00,3.56,mg/l,TOC,Total Organic Carbon
11786,2026-08-17T18:30:00.000Z,2026-08-17 18:30:00,5.0,mg/l,COD,Chemical Oxygen Demand
11789,2026-08-17T18:30:00.000Z,2026-08-17 18:30:00,206.31,m above MSL,S,Water Level
11821,2026-08-17T18:30:00.000Z,2026-08-17 18:30:00,323.66,NTU,WTb,Water Turbidity
11809,2026-08-17T18:30:00.000Z,2026-08-17 18:30:00,500.6,NTU,WTb,Water Turbidity
11809,2026-08-17T18:30:00.000Z,2026-08-17 18:30:00,1.13,m,Depth,Depth
11817,2026-08-17T18:30:00.000Z,2026-08-17 18:30:00,6.47,mg/l,DO,Dissolved Oxygen
11797,2026-08-17T18:30:00.000Z,2026-08-17 18:30:00,7.73,mg/l,DO,Dissolved Oxygen
11812,2026-08-17T18:30:00.000Z,2026-08-17 18:30:00,290.85,mS/cm,EC,Conductivity
11806,2026-08-17T18:30:00.000Z,2026-08-17 18:30:00,252.85,mS/cm,EC,Conductivity
11817,2026-08-17T18:30:00.000Z,2026-08-17 18:30:00,6.69,mg/l,COD,Chemical Oxygen Demand
11797,2026-08-17T18:30:00.000Z,2026-08-17 18:30:00,15.69,mg/l,COD,Chemical Oxygen Demand
11786,2026-08-17T18:30:00.000Z,2026-08-17 18:30:00,0.5,mg/l,BOD,Biochemical Oxygen Demand
11813,2026-08-17T18:30:00.000Z,2026-08-17 18:30:00,36.54,m above MSL,S,Water Level
11800,2026-08-17T18:30:00.000Z,2026-08-17 18:30:00,10.06,mg/l,TOC,Total Organic Carbon
11791,2026-08-17T18:30:00.000Z,2026-08-17 18:30:00,3.88,mg/l,BOD,Biochemical Oxygen Demand
11821,2026-08-17T18:30:00.000Z,2026-08-17 18:30:00,17.89,°C,WT,Water Temperature
11809,2026-08-17T18:30:00.000Z,2026-08-17 18:30:00,29.65,°C,WT,Water Temperature
11800,2026-08-17T18:30:00.000Z,2026-08-17 18:30:00,1.12,m,Depth,Depth
11812,2026-08-17T18:30:00.000Z,2026-08-17 18:30:00,6.89,mg/l,DO,Dissolved Oxygen
11806,2026-08-17T18:30:00.000Z,2026-08-17 18:30:00,2.63,mg/l,DO,Dissolved Oxygen
11812,2026-08-17T18:30:00.000Z,2026-08-17 18:30:00,5.0,mg/l,CL,Chloride
11803,2026-08-17T18:30:00.000Z,2026-08-17 18:30:00,7.59,---,pH,pH
11794,2026-08-17T18:30:00.000Z,2026-08-17 18:30:00,7.42,---,pH,pH
11821,2026-08-17T18:30:00.000Z,2026-08-17 18:30:00,1.0,mg/l,TOC,Total Organic Carbon
11809,2026-08-17T18:30:00.000Z,2026-08-17 18:30:00,5.3,mg/l,TOC,Total Organic Carbon
11817,2026-08-17T18:30:00.000Z,2026-08-17 18:30:00,1.47,mg/l,BOD,Biochemical Oxygen Demand
11797,2026-08-17T18:30:00.000Z,2026-08-17 18:30:00,3.35,mg/l,BOD,Biochemical Oxygen Demand
11822,2026-08-17T18:30:00.000Z,2026-08-17 18:30:00,17.34,mg/l,CL,Chloride
11812,2026-08-17T18:30:00.000Z,2026-08-17 18:30:00,5.25,mg/l,COD,Chemical Oxygen Demand
11806,2026-08-17T18:30:00.000Z,2026-08-17 18:30:00,25.84,mg/l,COD,Chemical Oxygen Demand
11785,2026-08-17T17:30:00.000Z,2026-08-17 17:30:00,1.71,NTU,WTb,Water Turbidity
11791,2026-08-17T18:30:00.000Z,2026-08-17 18:30:00,24.98,mg/l,CL,Chloride
11790,2026-08-17T18:30:00.000Z,2026-08-17 18:30:00,41.57,NTU,WTb,Water Turbidity
11783,2026-08-17T18:30:00.000Z,2026-08-17 18:30:00,67.81,m above MSL,S,Water Level
11800,2026-08-17T18:30:00.000Z,2026-08-17 18:30:00,8.29,---,pH,pH
11790,2026-08-17T18:30:00.000Z,2026-08-17 18:30:00,32.34,°C,WT,Water Temperature
11812,2026-08-17T18:30:00.000Z,2026-08-17 18:30:00,0.87,mg/l,BOD,Biochemical Oxygen Demand
11819,2026-08-17T18:30:00.000Z,2026-08-17 18:30:00,109.0,mg/l,CL,Chloride
11784,2026-08-17T18:30:00.000Z,2026-08-17 18:30:00,0.92,m,Depth,Depth
11806,2026-08-17T18:30:00.000Z,2026-08-17 18:30:00,6.35,mg/l,BOD,Biochemical Oxygen Demand
11803,2026-08-17T18:30:00.000Z,2026-08-17 18:30:00,5.6,mg/l,NO3,Nitrate
11794,2026-08-17T18:30:00.000Z,2026-08-17 18:30:00,0.73,mg/l,NO3,Nitrate
11785,2026-08-17T17:30:00.000Z,2026-08-17 17:30:00,26.37,°C,WT,Water Temperature
11803,2026-08-17T18:30:00.000Z,2026-08-17 18:30:00,214.74,mS/cm,EC,Conductivity
11794,2026-08-17T18:30:00.000Z,2026-08-17 18:30:00,238.02,mS/cm,EC,Conductivity
11816,2026-08-17T18:30:00.000Z,2026-08-17 18:30:00,156.87,NTU,WTb,Water Turbidity
11796,2026-08-17T18:30:00.000Z,2026-08-17 18:30:00,245.93,NTU,WTb,Water Turbidity
11802,2026-08-17T18:30:00.000Z,2026-08-17 18:30:00,16.55,mg/l,COD,Chemical Oxygen Demand
11792,2026-08-17T18:30:00.000Z,2026-08-17 18:30:00,7.9,---,pH,pH
11813,2026-08-17T18:30:00.000Z,2026-08-17 18:30:00,4.19,mg/l,TOC,Total Organic Carbon
11807,2026-08-17T18:30:00.000Z,2026-08-17 18:30:00,5.28,mg/l,TOC,Total Organic Carbon
11815,2026-08-17T18:30:00.000Z,2026-08-17 18:30:00,2.12,mg/l,BOD,Biochemical Oxygen Demand
11795,2026-08-17T18:30:00.000Z,2026-08-17 18:30:00,1.41,mg/l,BOD,Biochemical Oxygen Demand
11789,2026-08-17T18:30:00.000Z,2026-08-17 18:30:00,31.14,°C,WT,Water Temperature
11801,2026-08-17T18:30:00.000Z,2026-08-17 18:30:00,42.66,mg/l,CL,Chloride
11804,2026-08-17T18:30:00.000Z,2026-08-17 18:30:00,11.79,mg/l,COD,Chemical Oxygen Demand
11819,2026-08-17T18:30:00.000Z,2026-08-17 18:30:00,149.6,NTU,WTb,Water Turbidity
11787,2026-08-17T18:30:00.000Z,2026-08-17 18:30:00,734.95,NTU,WTb,Water Turbidity
11786,2026-08-17T18:30:00.000Z,2026-08-17 18:30:00,641.42,m above MSL,S,Water Level
11784,2026-08-17T18:30:00.000Z,2026-08-17 18:30:00,6.47,mg/l,DO,Dissolved Oxygen
11804,2026-08-17T18:30:00.000Z,2026-08-17 18:30:00,57.12,m above MSL,S,Water Level
11784,2026-08-17T18:30:00.000Z,2026-08-17 18:30:00,9.84,mg/l,COD,Chemical Oxygen Demand
11788,2026-08-17T18:30:00.000Z,2026-08-17 18:30:00,1.08,m,Depth,Depth
11798,2026-08-17T18:30:00.000Z,2026-08-17 18:30:00,8.33,---,pH,pH
11789,2026-08-17T18:30:00.000Z,2026-08-17 18:30:00,10.28,mg/l,TOC,Total Organic Carbon
11804,2026-08-17T18:30:00.000Z,2026-08-17 18:30:00,2.51,mg/l,BOD,Biochemical Oxygen Demand
11802,2026-08-17T18:30:00.000Z,2026-08-17 18:30:00,3.29,mg/l,BOD,Biochemical Oxygen Demand
11792,2026-08-17T18:30:00.000Z,2026-08-17 18:30:00,1.93,mg/l,NO3,Nitrate
11819,2026-08-17T18:30:00.000Z,2026-08-17 18:30:00,31.24,°C,WT,Water Temperature
11787,2026-08-17T18:30:00.000Z,2026-08-17 18:30:00,20.5,°C,WT,Water Temperature
11792,2026-08-17T18:30:00.000Z,2026-08-17 18:30:00,227.4,mS/cm,EC,Conductivity
11814,2026-08-17T18:30:00.000Z,2026-08-17 18:30:00,2.94,NTU,WTb,Water Turbidity
11818,2026-08-17T18:30:00.000Z,2026-08-17 18:30:00,122.21,NTU,WTb,Water Turbidity
11814,2026-08-17T18:30:00.000Z,2026-08-17 18:30:00,30.14,°C,WT,Water Temperature
11818,2026-08-17T18:30:00.000Z,2026-08-17 18:30:00,30.83,°C,WT,Water Temperature
11819,2026-08-17T18:30:00.000Z,2026-08-17 18:30:00,5.47,mg/l,TOC,Total Organic Carbon
11787,2026-08-17T18:30:00.000Z,2026-08-17 18:30:00,1.0,mg/l,TOC,Total Organic Carbon
11784,2026-08-17T18:30:00.000Z,2026-08-17 18:30:00,1.81,mg/l,BOD,Biochemical Oxygen Demand
11798,2026-08-17T18:30:00.000Z,2026-08-17 18:30:00,2.08,mg/l,NO3,Nitrate
11813,2026-08-17T18:30:00.000Z,2026-08-17 18:30:00,8.17,---,pH,pH
11810,2026-08-17T18:30:00.000Z,2026-08-17 18:30:00,55.41,m above MSL,S,Water Level
11807,2026-08-17T18:30:00.000Z,2026-08-17 18:30:00,7.42,---,pH,pH
11809,2026-08-17T18:30:00.000Z,2026-08-17 18:30:00,5.0,mg/l,CL,Chloride
11798,2026-08-17T18:30:00.000Z,2026-08-17 18:30:00,484.9,mS/cm,EC,Conductivity
11801,2026-08-17T18:30:00.000Z,2026-08-17 18:30:00,78.39,NTU,WTb,Water Turbidity
11792,2026-08-17T18:30:00.000Z,2026-08-17 18:30:00,6.38,mg/l,DO,Dissolved Oxygen
11801,2026-08-17T18:30:00.000Z,2026-08-17 18:30:00,32.94,°C,WT,Water Temperature
11792,2026-08-17T18:30:00.000Z,2026-08-17 18:30:00,11.63,mg/l,COD,Chemical Oxygen Demand
11801,2026-08-17T18:30:00.000Z,2026-08-17 18:30:00,1.0,m,Depth,Depth
11813,2026-08-17T18:30:00.000Z,2026-08-17 18:30:00,0.3,mg/l,NO3,Nitrate
11807,2026-08-17T18:30:00.000Z,2026-08-17 18:30:00,0.3,mg/l,NO3,Nitrate
11814,2026-08-17T18:30:00.000Z,2026-08-17 18:30:00,2.46,mg/l,TOC,Total Organic Carbon
11806,2026-08-17T18:30:00.000Z,2026-08-17 18:30:00,17.49,mg/l,CL,Chloride
11818,2026-08-17T18:30:00.000Z,2026-08-17 18:30:00,3.53,mg/l,TOC,Total Organic Carbon
11789,2026-08-17T18:30:00.000Z,2026-08-17 18:30:00,7.61,---,pH,pH
11807,2026-08-17T18:30:00.000Z,2026-08-17 18:30:00,51.52,m above MSL,S,Water Level
11783,2026-08-17T18:30:00.000Z,2026-08-17 18:30:00,3.37,NTU,WTb,Water Turbidity
11798,2026-08-17T18:30:00.000Z,2026-08-17 18:30:00,7.1,mg/l,DO,Dissolved Oxygen
11813,2026-08-17T18:30:00.000Z,2026-08-17 18:30:00,211.85,mS/cm,EC,Conductivity
11807,2026-08-17T18:30:00.000Z,2026-08-17 18:30:00,245.49,mS/cm,EC,Conductivity
11783,2026-08-17T18:30:00.000Z,2026-08-17 18:30:00,31.73,°C,WT,Water Temperature
11821,2026-08-17T18:30:00.000Z,2026-08-17 18:30:00,0.57,m,Depth,Depth
11798,2026-08-17T18:30:00.000Z,2026-08-17 18:30:00,15.65,mg/l,COD,Chemical Oxygen Demand
11783,2026-08-17T18:30:00.000Z,2026-08-17 18:30:00,35.23,mg/l,CL,Chloride
11789,2026-08-17T18:30:00.000Z,2026-08-17 18:30:00,4.95,mg/l,NO3,Nitrate
11801,2026-08-17T18:30:00.000Z,2026-08-17 18:30:00,5.83,mg/l,TOC,Total Organic Carbon
11813,2026-08-17T18:30:00.000Z,2026-08-17 18:30:00,0.67,m,Depth,Depth
11792,2026-08-17T18:30:00.000Z,2026-08-17 18:30:00,2.88,mg/l,BOD,Biochemical Oxygen Demand
11787,2026-08-17T18:30:00.000Z,2026-08-17 18:30:00,8.19,---,pH,pH
11819,2026-08-17T18:30:00.000Z,2026-08-17 18:30:00,7.61,---,pH,pH
11784,2026-08-17T18:30:00.000Z,2026-08-17 18:30:00,308.55,m above MSL,S,Water Level
11813,2026-08-17T18:30:00.000Z,2026-08-17 18:30:00,6.74,mg/l,DO,Dissolved Oxygen
11796,2026-08-17T18:30:00.000Z,2026-08-17 18:30:00,93.49,m above MSL,S,Water Level
11807,2026-08-17T18:30:00.000Z,2026-08-17 18:30:00,6.45,mg/l,DO,Dissolved Oxygen
11789,2026-08-17T18:30:00.000Z,2026-08-17 18:30:00,543.34,mS/cm,EC,Conductivity
11814,2026-08-17T18:30:00.000Z,2026-08-17 18:30:00,8.18,---,pH,pH
11818,2026-08-17T18:30:00.000Z,2026-08-17 18:30:00,7.46,---,pH,pH
11787,2026-08-17T18:30:00.000Z,2026-08-17 18:30:00,0.3,mg/l,NO3,Nitrate
11819,2026-08-17T18:30:00.000Z,2026-08-17 18:30:00,0.3,mg/l,NO3,Nitrate
11789,2026-08-17T18:30:00.000Z,2026-08-17 18:30:00,64.22,mg/l,CL,Chloride
11783,2026-08-17T18:30:00.000Z,2026-08-17 18:30:00,3.44,mg/l,TOC,Total Organic Carbon
11798,2026-08-17T18:30:00.000Z,2026-08-17 18:30:00,3.28,mg/l,BOD,Biochemical Oxygen Demand
11813,2026-08-17T18:30:00.000Z,2026-08-17 18:30:00,9.42,mg/l,COD,Chemical Oxygen Demand
11807,2026-08-17T18:30:00.000Z,2026-08-17 18:30:00,11.34,mg/l,COD,Chemical Oxygen Demand
11783,2026-08-17T18:30:00.000Z,2026-08-17 18:30:00,8.02,---,pH,pH
11797,2026-08-17T18:30:00.000Z,2026-08-17 18:30:00,0.82,m,Depth,Depth
11789,2026-08-17T18:30:00.000Z,2026-08-17 18:30:00,0.2,mg/l,DO,Dissolved Oxygen
11791,2026-08-17T18:30:00.000Z,2026-08-17 18:30:00,351.81,NTU,WTb,Water Turbidity
11788,2026-08-17T18:30:00.000Z,2026-08-17 18:30:00,5.0,mg/l,CL,Chloride
11787,2026-08-17T18:30:00.000Z,2026-08-17 18:30:00,142.19,mS/cm,EC,Conductivity
11819,2026-08-17T18:30:00.000Z,2026-08-17 18:30:00,449.67,mS/cm,EC,Conductivity
11801,2026-08-17T18:30:00.000Z,2026-08-17 18:30:00,8.35,---,pH,pH
11791,2026-08-17T18:30:00.000Z,2026-08-17 18:30:00,24.24,°C,WT,Water Temperature
11799,2026-08-17T18:30:00.000Z,2026-08-17 18:30:00,60.93,m above MSL,S,Water Level
11813,2026-08-17T18:30:00.000Z,2026-08-17 18:30:00,2.07,mg/l,BOD,Biochemical Oxygen Demand
11816,2026-08-17T18:30:00.000Z,2026-08-17 18:30:00,0.85,m,Depth,Depth
11790,2026-08-17T18:30:00.000Z,2026-08-17 18:30:00,207.22,m above MSL,S,Water Level
11807,2026-08-17T18:30:00.000Z,2026-08-17 18:30:00,2.57,mg/l,BOD,Biochemical Oxygen Demand
11814,2026-08-17T18:30:00.000Z,2026-08-17 18:30:00,0.3,mg/l,NO3,Nitrate
11819,2026-08-17T18:30:00.000Z,2026-08-17 18:30:00,0.77,m,Depth,Depth
11818,2026-08-17T18:30:00.000Z,2026-08-17 18:30:00,5.58,mg/l,NO3,Nitrate
11789,2026-08-17T18:30:00.000Z,2026-08-17 18:30:00,20.67,mg/l,COD,Chemical Oxygen Demand
11814,2026-08-17T18:30:00.000Z,2026-08-17 18:30:00,345.3,mS/cm,EC,Conductivity
11818,2026-08-17T18:30:00.000Z,2026-08-17 18:30:00,253.55,mS/cm,EC,Conductivity
11798,2026-08-17T18:30:00.000Z,2026-08-17 18:30:00,52.78,mg/l,CL,Chloride
11787,2026-08-17T18:30:00.000Z,2026-08-17 18:30:00,8.95,mg/l,DO,Dissolved Oxygen
11819,2026-08-17T18:30:00.000Z,2026-08-17 18:30:00,7.38,mg/l,DO,Dissolved Oxygen
11817,2026-08-17T18:30:00.000Z,2026-08-17 18:30:00,145.65,NTU,WTb,Water Turbidity
11797,2026-08-17T18:30:00.000Z,2026-08-17 18:30:00,94.14,NTU,WTb,Water Turbidity
11817,2026-08-17T18:30:00.000Z,2026-08-17 18:30:00,31.45,°C,WT,Water Temperature
11797,2026-08-17T18:30:00.000Z,2026-08-17 18:30:00,31.21,°C,WT,Water Temperature
11789,2026-08-17T18:30:00.000Z,2026-08-17 18:30:00,4.11,mg/l,BOD,Biochemical Oxygen Demand
11801,2026-08-17T18:30:00.000Z,2026-08-17 18:30:00,3.98,mg/l,NO3,Nitrate
11791,2026-08-17T18:30:00.000Z,2026-08-17 18:30:00,9.71,mg/l,TOC,Total Organic Carbon
11816,2026-08-17T18:30:00.000Z,2026-08-17 18:30:00,27.78,mg/l,CL,Chloride
11803,2026-08-17T18:30:00.000Z,2026-08-17 18:30:00,28.85,mg/l,CL,Chloride
11787,2026-08-17T18:30:00.000Z,2026-08-17 18:30:00,5.0,mg/l,COD,Chemical Oxygen Demand
11793,2026-08-17T18:30:00.000Z,2026-08-17 18:30:00,164.24,m above MSL,S,Water Level
11819,2026-08-17T18:30:00.000Z,2026-08-17 18:30:00,12.32,mg/l,COD,Chemical Oxygen Demand
11801,2026-08-17T18:30:00.000Z,2026-08-17 18:30:00,657.9,mS/cm,EC,Conductivity
11812,2026-08-17T18:30:00.000Z,2026-08-17 18:30:00,34.44,NTU,WTb,Water Turbidity
11806,2026-08-17T18:30:00.000Z,2026-08-17 18:30:00,34.25,NTU,WTb,Water Turbidity
11783,2026-08-17T18:30:00.000Z,2026-08-17 18:30:00,2.12,m,Depth,Depth
11814,2026-08-17T18:30:00.000Z,2026-08-17 18:30:00,131.01,m above MSL,S,Water Level
11811,2026-08-17T18:30:00.000Z,2026-08-17 18:30:00,1.01,m,Depth,Depth
11814,2026-08-17T18:30:00.000Z,2026-08-17 18:30:00,7.35,mg/l,DO,Dissolved Oxygen
11818,2026-08-17T18:30:00.000Z,2026-08-17 18:30:00,7.69,mg/l,DO,Dissolved Oxygen
11795,2026-08-17T18:30:00.000Z,2026-08-17 18:30:00,42.41,mg/l,CL,Chloride
